1e-24 0.00000320695404183293
1e-15 0.00000320695404183293
2.698438458227206e-15 0.000003326937385436282
3.30253872648929e-15 0.000003326937385436282
4.041879112235481e-15 0.000003326937385436282
4.9467358631982176e-15 0.000003326937385436282
6.054163180233625e-15 0.000003326937385436282
7.319345140700133e-15 0.0000034573308387724404
9.068280073479093e-15 0.000003424623117115936
1.1098398792089193e-14 0.0000034745363717901524
1.3236091846709247e-14 0.000003592419723850889
1.544640245269323e-14 0.0000035369678523986993
4.013992117198499e-14 0.000003997643690796975
4.912605797791593e-14 0.0000041058724926698105
6.012392406325701e-14 0.000004463337793623999
7.358388589594023e-14 0.000005101132838093145
9.005713362704014e-14 0.000005733537407101102
1.1021825252050226e-13 0.000006444343294325305
1.3489284745595857e-13 0.000007589918134779262
1.6509135173769596e-13 0.000008361651776848848
2.0205040469234925e-13 0.000009726669257709884
2.472834924824261e-13 0.000011483080508623334
3.0264292589472617e-13 0.000015285857414546135
3.7039569311578547e-13 0.00001978957341762884
4.533162936920787e-13 0.000023938461325244166
5.548003552581404e-13 0.000029940410522300474
6.790036856774412e-13 0.0000430850389697908
8.310124548298632e-13 0.00006346677532097504
1.0170514750496026e-12 0.00009411670612214672
1.2447391093703261e-12 0.00015898044595513003
1.5233992461595597e-12 0.00029883138234706194
1.8644431156128017e-12 0.000584669931921576
2.2403124539123223e-12 0.0012311163468989536
