1.009408953	2104.622728	28.77196902	860.5123968
1.025836593	1883.911654	29.92553567	777.855492
1.041579748	1695.393382	27.96204263	706.5860821
1.061429813	1539.438476	26.61785161	649.1433228
1.078248588	1389.445516	25.00221329	591.6983171
1.104490143	1238.637218	23.71462661	535.5901928
1.145089092	1133.426863	23.87273158	501.6734025
1.201064754	1041.387473	24.99089327	475.7561158
1.261299435	1004.719833	27.70628956	474.5732267
1.321534116	1066.573033	33.74874826	520.4990512
1.379030856	1180.19837	42.52581333	593.768723
1.436527597	1302.489516	53.37379853	675.1221571
1.497218601	1413.223622	66.23707015	755.392255
1.556996958	1437.274701	76.78274042	791.3003811
1.617231638	1375.351109	83.70992564	779.5414196
1.670837622	1234.240039	84.26348788	717.4555311
1.721273359	1130.902017	85.92820504	672.8425352
1.758874402	1028.211803	84.55728438	622.2314093
1.80888744	971.8153833	88.70960799	601.2846361
1.867410908	975.026111	100.4341579	618.7310133
1.88494133	1140.29675	121.7550267	729.0165955
1.907453281	1292.759128	144.5260733	834.3549367
1.924489352	1472.708684	170.4478241	957.2687537
1.934832681	1658.077325	195.9701306	1082.38516
1.945784442	1868.699558	225.8139287	1225.394226
1.955367232	2138.677392	263.4888878	1407.950754
1.975597566	2424.535808	311.1277738	1609.332611
1.995067362	2704.495292	360.8753912	1809.299626
2.011495002	3042.718223	419.5582609	2048.967598
2.027922642	3449.194798	491.4291184	2337.850462
2.045445458	3904.659993	576.0163936	2664.835592
2.063515863	4428.958879	677.1392681	3043.984838
2.084506736	4850.391242	772.8864306	3360.69543
2.126488483	5432.303029	939.763104	3824.235715
2.181247284	5838.184156	1123.081832	4193.910835
2.241481964	5651.215888	1220.0651	4148.024328
2.290764885	5118.542267	1213.153156	3821.798858
2.313166212	4658.233202	1151.524041	3504.666662
2.345025878	4188.474832	1098.902687	3184.969559
2.375641026	3775.02187	1048.330884	2899.539607
2.433137766	3432.654895	1059.524396	2685.396147
2.493372447	3375.155565	1162.107665	2689.75136
2.553607127	442.5692948	169.7365295	359.0249255
2.611103868	3276.5021	1391.005466	2701.678304
2.652172968	2938.81009	1340.465662	2450.619862
2.676814429	2681.711726	1276.600736	2250.997134
2.701455889	2421.180576	1202.606447	2045.482252
2.723359409	2160.597792	1114.255271	1835.659503
2.740569318	1924.319242	1021.992947	1642.066813
2.750054324	1751.033845	945.0957876	1497.758957
2.767166449	1564.446431	869.2611709	1343.857469
2.78359409	1372.457876	784.0517253	1183.692593
2.799337245	1216.447408	713.5900845	1053.139334
2.819491525	1091.417959	662.2446584	949.4406143
2.84382877	964.3141567	609.3528823	843.6552495
2.859161234	845.452015	548.0105563	742.27523
2.87668405	748.4895438	499.4176021	659.7581721
2.898587571	673.0391122	465.5497357	596.1501174
2.930073881	599.9600257	436.9136507	535.0653234
2.959320058	2.671045006	2.039660106	2.396881002
2.991677532	490.566054	394.6354423	443.1412272
3.024035005	441.4586665	373.9631038	401.349905
3.049478488	99.85801281	88.07225303	91.2314962
3.073815732	361.4798079	331.2766664	331.7641928
3.092981312	305.6731986	288.6716323	281.5326039
3.087505432	338.2967463	316.756387	311.2694153
3.142103178	274.1275507	279.4021681	254.6766792
3.177857453	245.3274548	264.1643408	229.2933142
3.221664494	219.4000812	252.5136614	206.5032812
3.281899174	228.9112429	288.3606248	217.4061935
3.344415472	253.4074725	350.0483827	242.7469758
3.36472186	285.0984939	405.6608866	273.8216225
3.378900478	319.9749563	464.7514075	307.8665068
3.39210126	357.8124052	529.7231182	344.8311074
3.408939591	404.618023	613.7163011	390.7266569
3.424272056	452.6477528	701.8224435	437.8901014
3.440699696	511.5689338	811.9923238	495.8139032
3.462603216	578.1598879	946.6671236	561.7016981
3.484506736	644.229859	1087.948707	627.3359834
3.505725771	728.5018858	1267.411627	710.9197206
3.525575837	817.2896622	1461.766911	799.0997225
3.550715104	908.9995933	1683.387922	890.8347593
3.577596697	1005.844063	1932.840056	988.0564945
3.624141678	1114.691201	2281.939657	1099.054725
3.681638418	1215.883697	2688.272222	1203.622459
3.741873099	1261.816539	3019.84792	1253.437065
3.802107779	1260.777195	3261.40373	1255.849479
3.86234246	1227.460564	3427.053173	1225.136778
3.92257714	1168.248704	3515.324273	1167.54863
3.982811821	1081.866838	3503.405427	1081.834876
4.037570621	979.9176157	3388.027632	979.7793051
4.081377662	882.5340476	3212.672332	881.9497984
4.107761448	800.6664039	3005.405833	799.7371673
4.133702738	731.7189362	2829.900265	730.412053
4.160777923	665.5233864	2654.654122	663.8052606
4.190397456	599.8158478	2473.97555	597.6453804
4.215840939	542.2737008	2301.220227	539.753269
4.242611908	490.0722316	2142.3256	487.1961129
4.262081704	442.5773879	1976.55022	439.5478809
4.283985224	397.799416	1819.528934	394.6041607
4.305888744	353.9816161	1657.938366	350.6849308
4.337831378	321.4804541	1558.128444	317.8322545
4.398978705	338.436158	1749.360182	333.0914481
4.459213385	357.057656	1963.55173	349.6069687
4.519448066	374.0744469	2185.411737	364.115893
4.563255106	340.1758722	2074.861936	329.5529779
4.585158627	306.3666628	1908.78679	296.0539103
4.607062147	274.9467646	1749.489755	264.9987346
4.631703607	247.6735103	1613.366229	237.9847137
4.656345067	222.3233519	1482.257359	212.949272
4.675901782	197.2747345	1339.488518	188.4651345
4.699543677	175.3460398	1216.914464	166.9718535
4.722055628	56.12000783	397.5888996	53.26907529
4.741221208	140.3207083	1011.557523	132.8193174
4.771338548	130.0672159	963.3311852	122.5544041
4.831573229	134.2597595	1048.476848	125.289245
4.886829837	130.2280838	1066.270206	120.378469
4.91371143	148.3594849	1242.462473	136.4763614
4.937257714	166.9699988	1425.909699	152.9282636
4.96847023	186.349086	1632.603655	169.6654001
5.015015211	206.3276946	1876.502604	186.129016
5.067036071	227.8344055	2158.311403	203.3162149
5.116318992	250.7102379	2466.065605	221.335806
5.162863972	275.7266816	2807.721579	240.852528
5.206671013	304.6359444	3202.361998	263.3573738
5.247740113	336.3312055	3640.024664	287.8417547
5.288809213	371.2339948	4133.707858	314.4199959
5.332616254	410.8546419	4712.331357	344.0038588
5.379161234	453.0468253	5357.775236	374.5730771
5.433920035	497.6915068	6094.801068	405.1947251
5.494611039	531.2593282	6753.008361	424.9043409
5.554389396	552.3709994	7273.509496	433.8102739
5.611886136	523.4124166	7120.476787	403.6515562
5.657746632	471.2256593	6573.098007	357.9970322
5.680832444	430.6792291	6081.795419	324.6812054
5.71269211	388.8462938	5583.01419	289.9918177
5.740569318	51.1056256	744.2624485	37.74814843
5.765210778	318.5796243	4696.927406	233.2884178
5.784376358	91.11401244	1356.001686	66.2683036
5.806279878	262.1691478	3943.124174	189.184967
5.825445458	235.5932126	3575.725036	168.8281832
5.841873099	213.3970795	3263.760518	152.0037212
5.858604954	191.2106798	2947.025394	135.3595563
5.882942199	168.5285313	2626.148775	118.221257
5.904845719	149.2869048	2348.964058	103.8581752
5.924011299	133.5975953	2119.666827	92.26365681
5.938696614	118.8450249	1897.475563	81.61114848
5.955953933	106.0268645	1705.167006	72.32117198
5.969871795	95.63951181	1547.01955	64.88046321
5.98698392	85.90132125	1399.249315	57.88097231
6.004096045	77.1595479	1265.525418	51.63683286
6.01573229	1.047764559	17.26419307	0.697914439
6.060223816	61.35234577	1028.369508	40.13228767
6.098607629	55.84428991	949.3693411	35.95081961
6.158105172	55.89785487	970.1987022	35.0853692
6.211951326	59.94315428	1058.835306	36.74947051
6.261994785	61.66937045	1106.093054	36.97068643
6.326488483	60.50807735	1105.204414	35.21675627
6.341231237	56.39208654	1034.078381	32.5960941
6.395393307	57.15741262	1062.554836	32.20166557
6.457909605	55.36494786	1044.095832	30.25963726
6.518144285	53.65816416	1024.468192	28.46082465
6.583072577	54.63846197	1055.43116	28.03662448
6.635665095	57.70467698	1123.857807	28.80834717
6.698848327	61.75224613	1212.845047	29.80726395
6.759083007	61.57440326	1217.275358	28.76019602
6.819317688	59.87321911	1189.671343	27.04153695
6.879552369	59.21085807	1180.786104	25.8399761
6.939787049	61.77769415	1234.658283	26.03150601
7.00002173	66.47864883	1329.572976	27.02784925
7.06025641	72.04014431	1439.757003	28.23907321
7.120491091	75.41129457	1503.852927	28.4802423
7.180725771	75.69144814	1503.972314	27.52139055
7.240960452	72.24821497	1428.281862	25.27270994
7.295719252	66.34487633	1303.891892	22.39169199
7.339526293	59.66565871	1166.115335	19.56051587
7.377857453	4.038498419	78.49618045	1.290307868
7.418926554	48.93016291	944.8502193	15.20292976
7.462733594	44.06157184	844.2898108	13.28367212
7.481534116	39.36842244	751.6879567	11.71483578
7.536657975	37.96034306	716.7118867	10.86717794
7.599083007	35.90804427	668.4178677	9.83179474
7.657127336	36.83560855	675.7573133	9.669793611
7.722055628	38.28007154	689.791131	9.57886995
7.777596697	0.848923708	15.04453784	0.203760573
7.777596697	5.64125782	99.97378556	1.354027356
7.837831378	39.73671402	690.6378126	9.110071669
7.824141678	35.30025678	616.3288145	8.178299805
7.889852238	6.280194668	107.2074616	1.383070372
7.90573229	33.65466127	571.2424045	7.32048876
7.954193829	32.79312159	546.6746778	6.866495792
7.968644068	28.86013562	478.4440423	5.974184952
7.99464067	26.05926534	427.6237162	5.28386571
8.029487179	23.60682439	381.9536791	4.654614747
8.03222512	32.53483947	525.8132087	6.400829284
8.07603216	21.10858449	334.9037032	4.007934369
8.12531508	19.13358958	297.0530893	3.489027192
8.182811821	7.510138044	113.5425163	1.305599567
8.243046502	16.28534454	239.1198636	2.691022502
8.303281182	5.900789987	84.02464458	0.926133714
8.363515863	16.58326748	228.6726205	2.47036802
8.415536723	8.135162035	108.9816031	1.157774008
8.456605824	19.97668009	261.3754205	2.741299426
8.497674924	21.96000476	280.4369917	2.904655693
8.527792264	4.401088551	55.18848581	0.566522563
8.571599305	7.777755111	94.91816972	0.962054411
8.549695784	25.66501725	317.522835	3.238647146
8.634298131	9.043726036	106.0189083	1.055906188
8.692068666	32.78152472	369.8058305	3.626667743
8.678378966	0.720589916	8.204280324	0.080749133
8.752303346	4.033942821	43.65697814	0.421601618
8.812538027	33.16189492	343.8051	3.271829299
8.872772708	30.91863639	306.6281796	2.877632005
8.909418982	26.36841351	254.352968	2.367719752
8.926749239	28.58731989	272.1145198	2.523577285
8.964599004	25.82657901	238.6997725	2.196092905
9.001455889	24.86357306	223.1782862	2.037956729