1.0094089526292913  2104.6227278205265
1.0258365927857451  1883.911653932622
1.0415797479356799  1695.393381736596
1.0614298131247282  1539.4384761470837
1.0782485875706211  1389.4455158669791
1.1044901426257356  1238.6372178904478
1.1450890916992609  1133.4268630424097
1.2010647544545847  1041.387473475169
1.2612994350282483  1004.7198330241332
1.3215341156019118  1066.5730327927943
1.3790308561494997  1180.198370150642
1.4365275966970878  1302.4895156701434
1.4972186006084307  1413.2236220893515
1.5569969578444152  1437.2747009769678
1.6172316384180787  1375.3511092209078
1.6708376220865064  1234.2400388128458
1.721273359408952  1130.9020166679752
1.7588744024337242  1028.2118028074547
1.808887440243372  971.8153833138839
1.8674109083007382  975.0261110461506
1.8849413298565838  1140.2967497541451
1.9074532811820943  1292.7591283245185
1.9244893524554536  1472.7086837228085
1.9348326814428503  1658.077324894046
1.9457844415471528  1868.6995582699244
1.9553672316384176  2138.677391649373
1.9755975662755318  2424.535808399985
1.9950673620165138  2704.4952922075595
2.0114950021729676  3042.718223130157
2.0279226423294214  3449.194797786674
2.0454454584963053  3904.659992870357
2.0635158626684045  4428.958878871136
2.084506736201651  4850.391242175785
2.126488483268144  5432.303029290877
2.181247283789656  5838.184156366114
2.2414819643633197  5651.215888114992
2.2907648848326807  5118.542266517091
2.3131662123187544  4658.233202249578
2.345025878076725  4188.474832233873
2.375641025641025  3775.021870077878
2.433137766188613  3432.654895499994
2.4933724467622764  3375.15556493927
2.55360712733594  3442.5692948117685
2.611103867883528  3276.5021002424755
2.6521729682746624  2938.810090231612
2.676814428509343  2681.7117255503913
2.7014558887440234  2421.180576092287
2.7233594089526285  2160.5977922642364
2.7405693176879606  1924.319241974569
2.750054324206866  1751.0338445215818
2.7671664493698382  1564.4464305370898
2.783594089526292  1372.4578755934062
2.799337244676227  1216.4474084319072
2.819491525423728  1091.4179593209449
2.8438287700999556  964.3141567488007
2.859161234245979  845.4520149580751
2.8766840504128632  748.4895437565078
2.8985875706214683  673.0391122311321
2.930073880921338  599.9600257356985
2.9593200584726  542.6710450058232
2.991677531508039  490.5660540074217
3.024035004543478  441.4586664815122
3.04947848761408  399.85801280972265
3.0738157322903077  361.4798078911984
3.092981312472837  305.6731986448166
3.0875054324206856  338.2967463082456
3.142103177646547  274.12755069822276
3.1778574532811814  245.32745483481816
3.221664493698391  219.4000812107201
3.2818991742720547  228.91124292331816
3.3444154715341146  253.40747254498024
3.3647218600608424  285.0984939081164
3.378900478053019  319.97495631113367
3.3921012603215983  357.8124051790744
3.4089395914819636  404.61802302258184
3.424272055627987  452.64775283719854
3.4406996957844407  511.56893381247585
3.4626032159930458  578.1598879077133
3.4845067362016504  644.2298590177186
3.5057257714037364  728.5018857784148
3.525575836592785  817.289662217936
3.550715104104934  908.9995932915631
3.5775966970882216  1005.8440630972302
3.624141677531507  1114.6912014636753
3.6816384180790953  1215.8836967802981
3.741873098652759  1261.8165385439945
3.8021077792264224  1260.777195085918
3.862342459800086  1227.4605639797655
3.9225771403737495  1168.2487036370376
3.982811820947413  1081.8668378513948
4.037570621468926  979.9176157437937
4.081377661886135  882.5340476001234
4.1077614475919555  800.6664038710261
4.133702737940025  731.7189361885537
4.160777922642328  665.5233863534031
4.190397455651691  599.8158478277755
4.215840938722294  542.2737008059346
4.242611907866144  490.07223161109187
4.262081703607127  442.5773879297271
4.283985223815731  397.799416005101
4.305888744024336  353.98161606184755
4.337831377661885  321.48045412792885
4.398978704910907  338.4361579656588
4.459213385484571  357.0576560497152
4.519448066058234  374.07444693049456
4.563255106475444  340.17587220990816
4.585158626684049  306.36666279593055
4.6070621468926545  274.94676463899157
4.631703607127335  247.67351029351508
4.6563450673620155  222.32335194097874
4.675901781833984  197.2747345275421
4.699543676662319  175.34603984866285
4.72205562798783  156.12000783297364
4.7412212081703595  140.3207083355443
4.771338548457191  130.06721588539548
4.831573229030854  134.25975951988687
4.886829836829835  130.22808376164963
4.913711429813123  148.35948487328628
4.937257714037374  166.9699988267073
4.968470230334636  186.34908602902038
5.015015210777921  206.32769458058542
5.067036071273358  227.8344055198816
5.116318991742719  250.71023793199552
5.162863972186004  275.72668157344606
5.2066710126032145  304.6359444263564
5.247740112994349  336.3312055216105
5.288809213385483  371.23399483520086
5.332616253802693  410.8546419134681
5.379161234245979  453.0468253056596
5.433920034767491  497.6915068024622
5.494611038678834  531.259328224522
5.554389395914818  552.3709994295515
5.611886136462406  523.4124165976424
5.6577466318991725  471.22565928084947
5.680832444391765  430.67922908131015
5.712692110149736  388.84629383555455
5.74056931768796  351.10562560120394
5.765210777922641  318.57962431033576
5.78437635810517  291.11401243899167
5.8062798783137755  262.1691478472814
5.825445458496304  235.59321260212477
5.8418730986527585  213.3970794854841
5.8586049543676655  191.2106798325979
5.882942199043892  168.52853126951175
5.9048457192524975  149.28690475106774
5.924011299435026  133.59759525384374
5.938696614120341  118.84502487209966
5.955953933072575  106.02686445234038
5.969871794871794  95.6395118142201
5.986983920034766  85.90132125229132
6.0040960451977385  77.15954789505354
6.01573229030856  71.04776455868766
6.0602238157322885  61.35234577183328
6.098607628790158  55.84428990758877
6.158105171664492  55.897854869388766
6.211951325510645  59.94315427730672
6.261994784876139  61.66937044875957
6.326488483268142  60.50807735025292
6.3412312372547035  56.392086537140436
6.395393307257712  57.157412624199985
6.457909604519772  55.364947856977786
6.5181442850934355  53.658164158129324
6.583072577140372  54.638461965730826
6.635665095443452  57.704676976747784
6.698848326814427  61.75224613282694
6.7590830073880905  61.57440325614686
6.819317687961754  59.873219113726314
6.879552368535418  59.21085806642267
6.939787049109081  61.777694154648884
7.000021729682745  66.478648826475
7.060256410256408  72.040144313128
7.120491090830072  75.4112945706877
7.180725771403735  75.69144814155003
7.240960451977399  72.24821496949788
7.295719252498912  66.3448763319443
7.339526292916122  59.66565870707343
7.37785745328118  54.0384984190029
7.418926553672314  48.93016291005793
7.462733594089524  44.06157183509884
7.481534115601911  39.36842243711708
7.536657974793566  37.96034305634326
7.599083007388091  35.908044269352416
7.657127335940893  36.83560855475876
7.722055627987829  38.28007154209838
7.77759669708822  40.848923707931206
7.77759669708822  35.641257819910756
7.837831377661884  39.73671401577964
7.8241416775315065  35.300256782652774
7.88985223815732  36.28019466841114
7.905732290308561  33.654661268537
7.954193828770097  32.79312158632758
7.968644067796608  28.860135617635585
7.994640670064398  26.059265339512535
8.029487179487177  23.606824388542442
8.032225119513253  32.534839474202165
8.076032159930463  21.10858448990197
8.125315080399822  19.133589577728834
8.18281182094741  17.51013804353806
8.243046501521075  16.2853445352448
8.30328118209474  15.900789986995635
8.363515862668404  16.583267479114046
8.41553672316384  18.13516203485202
8.456605823554973  19.976680092158098
8.497674923946107  21.96000475921665
8.52779226423294  24.401088550584312
8.57159930465015  27.777755110921998
8.549695784441546  25.665017254513213
8.63429813124728  29.04372603589423
8.692068665797478  32.78152471985378
8.6783789656671  27.720589916291736
8.75230334637114  34.03394282091065
8.812538026944804  33.161894917816
8.872772707518468  30.91863638849728
8.909418981713632  26.368413513621444
8.926749239461103  28.587319894903054
8.964599003777618  25.82657901293651
9.001455888744022  24.863573060777842
